1    0    1    1    5
2    3    4    1    8
3    6    7    0    0
4    0    1    1    4
5    3    4    0    0
6    6    7    0    0
7    9    0    1    4
8    3    4    0    0
9    6    7    1    1
10    9    0    1    4
11    2    4    0    0
12    6    7    1    1
13    9    0    1    4
14    2    3    0    0
15    6    7    1    0
16    9    0    0    0
17    2    3    0    0
18    5    6    1    0
19    9    0    0    0
20    2    3    1    7
21    5    6    1    0
22    8    9    0    0
23    2    3    1    6
24    5    6    0    0
25    8    9    0    0
26    1    3    1    6
27    5    6    0    0
28    8    9    0    0
29    1    2    1    6
30    5    6    0    0
31    8    9    1    3
32    1    2    1    6
33    4    5    0    0
34    8    9    1    2
35    1    2    0    0
36    4    5    0    0
37    7    8    1    2
38    1    2    0    0
39    4    5    1    9
40    7    8    1    2
41    0    2    0    0
42    4    5    1    9
43    7    8    0    0
44    0    1    0    0
45    4    5    1    8
46    7    8    0    0
47    0    1    0    0
48    3    4    1    8
49    7    8    0    0
50    0    1    1    5
51    3    4    1    8
52    6    7    0    0
53    0    1    1    4
54    3    4    0    0
55    6    7    0    0
56    9    1    1    4
57    3    4    0    0
58    6    7    1    1
59    9    0    1    4
60    3    4    0    0
61    6    7    1    1
62    9    0    1    4
63    2    3    0    0
64    6    7    1    0
65    9    0    0    0
66    2    3    0    0
67    5    6    1    0
68    9    0    0    0
69    2    3    1    7
70    5    6    1    0
71    8    9    0    0
72    2    3    1    7
73    5    6    0    0
74    8    9    0    0
75    1    3    1    6
76    5    6    0    0
77    8    9    0    0
78    1    2    1    6
79    5    6    0    0
80    8    9    1    3
81    1    2    1    6
82    4    5    0    0
83    8    9    1    2
84    1    2    0    0
85    4    5    0    0
86    7    8    1    2
87    1    2    0    0
88    4    5    1    9
89    7    8    1    2
90    0    2    0    0
91    4    5    1    9
92    7    8    1    2
93    0    1    0    0
94    4    5    1    8
95    7    8    0    0
96    0    1    0    0
97    3    4    1    8
98    7    8    0    0
99    0    1    1    5
100    3    4    1    8
101    6    7    0    0
102    0    1    1    4
103    3    4    0    0
104    6    7    0    0
105    9    1    1    4
106    3    4    0    0
107    6    7    1    1
108    9    0    1    4
109    3    4    0    0
110    6    7    1    1
111    9    0    1    4
112    2    3    0    0
113    6    7    1    0
114    9    0    0    0
115    2    3    0    0
116    5    6    1    0
117    9    0    0    0
118    2    3    1    7
119    5    6    1    0
120    8    9    0    0
121    2    3    1    7
122    5    6    0    0
123    8    9    0    0
124    2    3    1    6
125    5    6    0    0
126    8    9    0    0
127    1    2    1    6
128    5    6    0    0
129    8    9    1    3
130    1    2    1    6
131    4    5    0    0
132    8    9    1    2
133    1    2    0    0
134    4    5    0    0
135    7    8    1    2
136    1    2    0    0
137    4    5    1    9
138    7    8    1    2
139    0    2    0    0
140    4    5    1    9
141    7    8    1    2
142    0    1    0    0
143    4    5    1    8
144    7    8    0    0
145    0    1    0    0
146    3    4    1    8
147    7    8    0    0
148    0    1    1    5
149    3    4    1    8
150    6    7    0    0
151    0    1    1    4
152    3    4    0    0
153    6    7    0    0
154    9    1    1    4
155    3    4    0    0
156    6    7    0    0
157    9    0    1    4
158    3    4    0    0
159    6    7    1    1
160    9    0    1    4
161    2    3    0    0
162    6    7    1    0
163    9    0    0    0
164    2    3    0    0
165    5    6    1    0
166    9    0    0    0
167    2    3    1    7
168    5    6    1    0
169    8    0    0    0
170    2    3    1    7
171    5    6    0    0
172    8    9    0    0
173    2    3    1    6
174    5    6    0    0
175    8    9    0    0
176    1    2    1    6
177    5    6    0    0
178    8    9    1    3
179    1    2    1    6
180    4    5    0    0
181    8    9    1    2
182    1    2    0    0
183    4    5    0    0
184    7    8    1    2
185    1    2    0    0
186    4    5    1    9
187    7    8    1    2
188    0    2    0    0
189    4    5    1    9
190    7    8    1    2
191    0    1    0    0
192    4    5    1    8
193    7    8    0    0
194    0    1    0    0
195    3    4    1    8
196    7    8    0    0
197    0    1    1    5
198    3    4    1    8
199    6    7    0    0
200    0    1    1    5
201    3    4    0    0
202    6    7    0    0
203    9    1    1    4
204    3    4    0    0
205    6    7    0    0
206    9    0    1    4
207    3    4    0    0
208    6    7    1    1
209    9    0    1    4
210    2    3    0    0
211    6    7    1    0
212    9    0    0    0
213    2    3    0    0
214    5    6    1    0
215    9    0    0    0
216    2    3    1    7
217    5    6    1    0
218    8    0    0    0
219    2    3    1    7
220    5    6    1    0
221    8    9    0    0
222    2    3    1    6
223    5    6    0    0
224    8    9    0    0
225    1    2    1    6
226    5    6    0    0
227    8    9    1    3
228    1    2    1    6
229    4    5    0    0
230    8    9    1    2
231    1    2    0    0
232    4    5    0    0
233    7    9    1    2
234    1    2    0    0
235    4    5    1    9
236    7    8    1    2
237    1    2    0    0
238    4    5    1    9
239    7    8    1    2
240    0    1    0    0
241    4    5    1    8
242    7    8    0    0
243    0    1    0    0
244    3    4    1    8
245    7    8    0    0
246    0    1    1    5
247    3    4    1    8
248    6    7    0    0
249    0    1    1    5
250    3    4    0    0
251    6    7    0    0
252    9    1    1    4
253    3    4    0    0
254    6    7    0    0
255    9    0    1    4
256    3    4    0    0
257    6    7    1    1
258    9    0    1    4
259    2    3    0    0
260    6    7    1    0
261    9    0    0    0
262    2    3    0    0
263    5    6    1    0
264    9    0    0    0
265    2    3    1    7
266    5    6    1    0
267    8    0    0    0
268    2    3    1    7
269    5    6    1    0
270    8    9    0    0
271    2    3    1    6
272    5    6    0    0
273    8    9    0    0
274    1    2    1    6
275    5    6    0    0
276    8    9    1    3
277    1    2    1    6
278    4    5    0    0
279    8    9    1    2
280    1    2    0    0
281    4    5    0    0
282    7    9    1    2
283    1    2    0    0
284    4    5    0    0
285    7    8    1    2
286    1    2    0    0
287    4    5    1    9
288    7    8    1    2
289    0    1    0    0
290    4    5    1    8
291    7    8    0    0
292    0    1    0    0
293    3    4    1    8
294    7    8    0    0
295    0    1    1    5
296    3    4    1    8
297    6    8    0    0
298    0    1    1    5
299    3    4    0    0
300    6    7    0    0
301    0    1    1    4
302    3    4    0    0
303    6    7    0    0
304    9    0    1    4
305    3    4    0    0
306    6    7    1    1
307    9    0    1    4
308    2    3    0    0
309    6    7    1    0
310    9    0    0    0
311    2    3    0    0
312    5    6    1    0
313    9    0    0    0
314    2    3    1    7
315    5    6    1    0
316    8    0    0    0
317    2    3    1    7
318    5    6    1    0
319    8    9    0    0
320    2    3    1    6
321    5    6    0    0
322    8    9    0    0
323    1    2    1    6
324    5    6    0    0
325    8    9    1    3
326    1    2    1    6
327    4    5    0    0
328    8    9    1    2
329    1    2    0    0
330    4    5    0    0
331    7    9    1    2
332    1    2    0    0
333    4    5    0    0
334    7    8    1    2
335    1    2    0    0
336    4    5    1    9
337    7    8    1    2
338    0    1    0    0
339    4    5    1    8
340    7    8    0    0
341    0    1    0    0
342    3    4    1    8
343    7    8    0    0
344    0    1    1    5
345    3    4    1    8
346    6    8    0    0
347    0    1    1    5
348    3    4    1    8
349    6    7    0    0
350    0    1    1    4
351    3    4    0    0
352    6    7    0    0
353    9    0    1    4
354    3    4    0    0
355    6    7    1    1
356    9    0    1    4
357    2    3    0    0
358    6    7    1    0
359    9    0    0    0
360    2    3    0    0
361    5    7    1    0
362    9    0    0    0
363    2    3    1    7
364    5    6    1    0
365    9    0    0    0
366    2    3    1    7
367    5    6    1    0
368    8    9    0    0
369    2    3    1    6
370    5    6    0    0
371    8    9    0    0
372    1    2    1    6
373    5    6    0    0
374    8    9    1    3
375    1    2    1    6
376    4    5    0    0
377    8    9    1    3
378    1    2    0    0
379    4    5    0    0
380    7    9    1    2
381    1    2    0    0
382    4    5    0    0
383    7    8    1    2
384    1    2    0    0
385    4    5    1    9
386    7    8    1    2
387    0    1    0    0
388    4    5    1    8
389    7    8    0    0
390    0    1    0    0
391    3    4    1    8
392    7    8    0    0
393    0    1    1    5
394    3    4    1    8
395    6    8    0    0
396    0    1    1    5
397    3    4    1    8
398    6    7    0    0
399    0    1    1    4
400    3    4    0    0
401    6    7    0    0
402    9    0    1    4
403    3    4    0    0
404    6    7    1    1
405    9    0    1    4
406    2    3    0    0
407    6    7    1    0
408    9    0    0    0
409    2    3    0    0
410    5    7    1    0
411    9    0    0    0
412    2    3    1    7
413    5    6    1    0
414    9    0    0    0
415    2    3    1    7
416    5    6    1    0
417    8    9    0    0
418    2    3    1    6
419    5    6    0    0
420    8    9    0    0
421    1    2    1    6
422    5    6    0    0
423    8    9    1    3
424    1    2    1    6
425    4    6    0    0
426    8    9    1    3
427    1    2    0    0
428    4    5    0    0
429    8    9    1    2
430    1    2    0    0
431    4    5    0    0
432    7    8    1    2
433    1    2    0    0
434    4    5    1    9
435    7    8    1    2
436    0    1    0    0
437    4    5    1    8
438    7    8    0    0
439    0    1    0    0
440    3    4    1    8
441    7    8    0    0
442    0    1    1    5
443    3    4    1    8
444    6    8    0    0
445    0    1    1    5
446    3    4    1    8
447    6    7    0    0
448    0    1    1    4
449    3    4    0    0
450    6    7    0    0
451    9    0    1    4
452    3    4    0    0
453    6    7    1    1
454    9    0    1    4
455    2    3    0    0
456    6    7    1    0
457    9    0    0    0
458    2    3    0    0
459    5    7    1    0
460    9    0    0    0
461    2    3    0    0
462    5    6    1    0
463    9    0    0    0
464    2    3    1    7
465    5    6    1    0
466    8    9    0    0
467    2    3    1    6
468    5    6    0    0
469    8    9    0    0
470    1    2    1    6
471    5    6    0    0
472    8    9    1    3
473    1    2    1    6
474    4    6    0    0
475    8    9    1    3
476    1    2    0    0
477    4    5    0    0
478    8    9    1    2
479    1    2    0    0
480    4    5    0    0
481    7    8    1    2
482    1    2    0    0
483    4    5    1    9
484    7    8    1    2
485    0    1    0    0
486    4    5    1    8
487    7    8    0    0
488    0    1    0    0
489    3    4    1    8
490    7    8    0    0
491    0    1    1    5
492    3    4    1    8
493    7    8    0    0
494    0    1    1    5
495    3    4    1    8
496    6    7    0    0
497    0    1    1    4
498    3    4    0    0
499    6    7    0    0
500    9    0    1    4
501    3    4    0    0
502    6    7    1    1
503    9    0    1    4
504    2    3    0    0
505    6    7    1    1
506    9    0    0    0
507    2    3    0    0
508    5    7    1    0
509    9    0    0    0
510    2    3    0    0
511    5    6    1    0
512    9    0    0    0
513    2    3    1    7
514    5    6    1    0
515    8    9    0    0
516    2    3    1    6
517    5    6    0    0
518    8    9    0    0
519    1    2    1    6
520    5    6    0    0
521    8    9    1    3
522    1    2    1    6
523    4    6    0    0
524    8    9    1    3
525    1    2    1    6
526    4    5    0    0
527    8    9    1    2
528    1    2    0    0
529    4    5    0    0
530    7    8    1    2
531    1    2    0    0
532    4    5    1    9
533    7    8    1    2
534    0    1    0    0
535    4    5    1    8
536    7    8    0    0
537    0    1    0    0
538    3    5    1    8
539    7    8    0    0
540    0    1    1    5
541    3    4    1    8
542    7    8    0    0
543    0    1    1    5
544    3    4    1    8
545    6    7    0    0
546    0    1    1    4
547    3    4    0    0
548    6    7    0    0
549    9    0    1    4
550    3    4    0    0
551    6    7    1    1
552    9    0    1    4
553    2    3    0    0
554    6    7    1    1
555    9    0    0    0
556    2    3    0    0
557    5    7    1    0
558    9    0    0    0
559    2    3    0    0
560    5    6    1    0
561    9    0    0    0
562    2    3    1    7
563    5    6    1    0
564    8    9    0    0
565    2    3    1    6
566    5    6    0    0
567    8    9    0    0
568    1    2    1    6
569    5    6    0    0
570    8    9    1    3
571    1    2    1    6
572    4    6    0    0
573    8    9    1    3
574    1    2    1    6
575    4    5    0    0
576    8    9    1    2
577    1    2    0    0
578    4    5    0    0
579    7    8    1    2
580    1    2    0    0
581    4    5    1    9
582    7    8    1    2
583    0    1    0    0
584    4    5    1    8
585    7    8    0    0
586    0    1    0    0
587    3    5    1    8
588    7    8    0    0
589    0    1    0    0
590    3    4    1    8
591    7    8    0    0
592    0    1    1    5
593    3    4    1    8
594    6    7    0    0
595    0    1    1    4
596    3    4    0    0
597    6    7    0    0
598    9    0    1    4
599    3    4    0    0
600    6    7    1    1
601    9    0    1    4
602    2    4    0    0
603    6    7    1    1
604    9    0    0    0
605    2    3    0    0
606    6    7    1    0
607    9    0    0    0
608    2    3    0    0
609    5    6    1    0
610    9    0    0    0
611    2    3    1    7
612    5    6    1    0
613    8    9    0    0
614    2    3    1    6
615    5    6    0    0
616    8    9    0    0
617    1    2    1    6
618    5    6    0    0
619    8    9    1    3
620    1    2    1    6
621    4    6    0    0
622    8    9    1    3
623    1    2    1    6
624    4    5    0    0
625    8    9    1    2
626    1    2    0    0
627    4    5    0    0
628    7    8    1    2
629    1    2    0    0
630    4    5    1    9
631    7    8    1    2
632    0    1    0    0
633    4    5    1    8
634    7    8    0    0
635    0    1    0    0
636    3    5    1    8
637    7    8    0    0
638    0    1    0    0
639    3    4    1    8
640    7    8    0    0
641    0    1    1    5
642    3    4    1    8
643    6    7    0    0
644    0    1    1    4
645    3    4    0    0
646    6    7    0    0
647    9    0    1    4
648    3    4    0    0
649    6    7    1    1
650    9    0    1    4
651    2    4    0    0
652    6    7    1    1
653    9    0    1    4
654    2    3    0    0
655    6    7    1    0
656    9    0    0    0
657    2    3    0    0
658    5    6    1    0
659    9    0    0    0
660    2    3    1    7
661    5    6    1    0
662    8    9    0    0
663    2    3    1    6
664    5    6    0    0
665    8    9    0    0
666    1    3    1    6
667    5    6    0    0
668    8    9    1    3
669    1    2    1    6
670    5    6    0    0
671    8    9    1    3
672    1    2    1    6
673    4    5    0    0
674    8    9    1    2
675    1    2    0    0
676    4    5    0    0
677    7    8    1    2
678    1    2    0    0
679    4    5    1    9
680    7    8    1    2
681    0    1    0    0
682    4    5    1    9
683    7    8    0    0
684    0    1    0    0
685    3    5    1    8
686    7    8    0    0
687    0    1    0    0
688    3    4    1    8
689    7    8    0    0
690    0    1    1    5
691    3    4    1    8
692    6    7    0    0
693    0    1    1    4
694    3    4    0    0
695    6    7    0    0
696    9    0    1    4
697    3    4    0    0
698    6    7    1    1
699    9    0    1    4
700    2    4    0    0
701    6    7    1    1
702    9    0    1    4
703    2    3    0    0
704    6    7    1    0
705    9    0    0    0
706    2    3    0    0
707    5    6    1    0
708    9    0    0    0
709    2    3    1    7
710    5    6    1    0
711    8    9    0    0
712    2    3    1    6
713    5    6    0    0
714    8    9    0    0
715    1    3    1    6
716    5    6    0    0
717    8    9    1    3
718    1    2    1    6
719    5    6    0    0
720    8    9    1    3
721    1    2    1    6
722    4    5    0    0
723    8    9    1    2
724    1    2    0    0
725    4    5    0    0
726    7    8    1    2
727    1    2    0    0
728    4    5    1    9
729    7    8    1    2
730    0    2    0    0
731    4    5    1    9
732    7    8    0    0
733    0    1    0    0
734    4    5    1    8
735    7    8    0    0
736    0    1    0    0
737    3    4    1    8
738    7    8    0    0
739    0    1    1    5
740    3    4    1    8
741    6    7    0    0
742    0    1    1    4
743    3    4    0    0
744    6    7    0    0
745    9    0    1    4
746    3    4    0    0
747    6    7    1    1
748    9    0    1    4
749    2    4    0    0
750    6    7    1    1
751    1    0    1    4
752    4    3    0    0
753    8    7    1    0
754    1    0    0    0
755    4    3    0    0
756    7    6    1    0
757    1    0    0    0
758    4    3    1    7
759    7    6    1    0
760    0    9    0    0
761    4    3    1    6
762    7    6    0    0
763    0    9    0    0
764    3    3    1    6
765    7    6    0    0
766    0    9    0    0
767    3    2    1    6
768    7    6    0    0
769    0    9    1    3
770    3    2    1    6
771    6    5    0    0
772    0    9    1    2
773    3    2    0    0
774    6    5    0    0
775    9    8    1    2
776    3    2    0    0
777    6    5    1    9
778    9    8    1    2
779    2    2    0    0
780    6    5    1    9
781    9    8    0    0
782    2    1    0    0
783    6    5    1    8
784    9    8    0    0
785    2    1    0    0
786    5    4    1    8
787    9    8    0    0
788    2    1    1    5
789    5    4    1    8
790    8    7    0    0
791    2    1    1    4
792    5    4    0    0
793    8    7    0    0
794    1    0    1    4
795    5    4    0    0
796    8    7    1    1
797    1    0    1    4
798    5    4    0    0
799    8    7    1    1
800    1    0    1    4
801    4    3    0    0
802    8    7    1    0
803    1    0    0    0
804    4    3    0    0
805    7    6    1    0
806    1    0    0    0
807    4    3    1    7
808    7    6    1    0
809    0    9    0    0
810    4    3    1    7
811    7    6    0    0
812    0    9    0    0
813    3    3    1    6
814    7    6    0    0
815    0    9    0    0
816    3    2    1    6
817    7    6    0    0
818    0    9    1    3
819    3    2    1    6
820    6    5    0    0
821    0    9    1    2
822    3    2    0    0
823    6    5    0    0
824    9    8    1    2
825    3    2    0    0
826    6    5    1    9
827    9    8    1    2
828    2    2    0    0
829    6    5    1    9
830    9    8    1    2
831    2    1    0    0
832    6    5    1    8
833    9    8    0    0
834    2    1    0    0
835    5    4    1    8
836    9    8    0    0
837    2    1    1    5
838    5    4    1    8
839    8    7    0    0
840    2    1    1    4
841    5    4    0    0
842    8    7    0    0
843    1    1    1    4
844    5    4    0    0
845    8    7    1    1
846    1    0    1    4
847    5    4    0    0
848    8    7    1    1
849    1    0    1    4
850    4    3    0    0
851    8    7    1    0
852    1    0    0    0
853    4    3    0    0
854    7    6    1    0
855    1    0    0    0
856    4    3    1    7
857    7    6    1    0
858    0    9    0    0
859    4    3    1    7
860    7    6    0    0
861    0    9    0    0
862    4    3    1    6
863    7    6    0    0
864    0    9    0    0
865    3    2    1    6
866    7    6    0    0
867    0    9    1    3
868    3    2    1    6
869    6    5    0    0
870    0    9    1    2
871    3    2    0    0
872    6    5    0    0
873    9    8    1    2
874    3    2    0    0
875    6    5    1    9
876    9    8    1    2
877    2    2    0    0
878    6    5    1    9
879    9    8    1    2
880    2    1    0    0
881    6    5    1    8
882    9    8    0    0
883    2    1    0    0
884    5    4    1    8
885    9    8    0    0
886    2    1    1    5
887    5    4    1    8
888    8    7    0    0
889    2    1    1    4
890    5    4    0    0
891    8    7    0    0
892    1    1    1    4
893    5    4    0    0
894    8    7    0    0
895    1    0    1    4
896    5    4    0    0
897    8    7    1    1
898    1    0    1    4
899    4    3    0    0
900    8    7    1    0
901    1    0    0    0
902    4    3    0    0
903    7    6    1    0
904    1    0    0    0
905    4    3    1    7
906    7    6    1    0
907    0    0    0    0
908    4    3    1    7
909    7    6    0    0
910    0    9    0    0
911    4    3    1    6
912    7    6    0    0
913    0    9    0    0
914    3    2    1    6
915    7    6    0    0
916    0    9    1    3
917    3    2    1    6
918    6    5    0    0
919    0    9    1    2
920    3    2    0    0
921    6    5    0    0
922    9    8    1    2
923    3    2    0    0
924    6    5    1    9
925    9    8    1    2
926    2    2    0    0
927    6    5    1    9
928    9    8    1    2
929    2    1    0    0
930    6    5    1    8
931    9    8    0    0
932    2    1    0    0
933    5    4    1    8
934    9    8    0    0
935    2    1    1    5
936    5    4    1    8
937    8    7    0    0
938    2    1    1    4
939    5    4    0    0
940    8    7    0    0
941    1    1    1    4
942    5    4    0    0
943    8    7    0    0
944    1    0    1    4
945    5    4    0    0
946    8    7    1    1
947    1    0    1    4
948    4    3    0    0
949    8    7    1    0
950    1    0    0    0
951    4    3    0    0
952    7    6    1    0
953    1    0    0    0
954    4    3    1    7
955    7    6    1    0
956    0    0    0    0
957    4    3    1    7
958    7    6    1    0
959    0    9    0    0
960    4    3    1    6
961    7    6    0    0
962    0    9    0    0
963    3    2    1    6
964    7    6    0    0
965    0    9    1    3
966    3    2    1    6
967    6    5    0    0
968    0    9    1    2
969    3    2    0    0
970    6    5    0    0
971    9    9    1    2
972    3    2    0    0
973    6    5    1    9
974    9    8    1    2
975    3    2    0    0
976    6    5    1    9
977    9    8    1    2
978    2    1    0    0
979    6    5    1    8
980    9    8    0    0
981    2    1    0    0
982    5    4    1    8
983    9    8    0    0
984    2    1    1    5
985    5    4    1    8
986    8    7    0    0
987    2    1    1    5
988    5    4    0    0
989    8    7    0    0
990    1    1    1    4
991    5    4    0    0
992    8    7    0    0
993    1    0    1    4
994    5    4    0    0
995    8    7    1    1
996    1    0    1    4
997    4    3    0    0
998    8    7    1    0
999    1    0    0    0
1000    4    3    0    0
1001    7    6    1    0
1002    1    0    0    0
1003    4    3    1    7
1004    7    6    1    0
1005    0    0    0    0
1006    4    3    1    7
1007    7    6    1    0
1008    0    9    0    0
1009    4    3    1    6
1010    7    6    0    0
1011    0    9    0    0
1012    3    2    1    6
1013    7    6    0    0
1014    0    9    1    3
1015    3    2    1    6
1016    6    5    0    0
1017    0    9    1    2
1018    3    2    0    0
1019    6    5    0    0
1020    9    9    1    2
1021    3    2    0    0
1022    6    5    0    0
1023    9    8    1    2
1024    3    2    0    0
1025    6    5    1    9
1026    9    8    1    2
1027    2    1    0    0
1028    6    5    1    8
1029    9    8    0    0
1030    2    1    0    0
1031    5    4    1    8
1032    9    8    0    0
1033    2    1    1    5
1034    5    4    1    8
1035    8    8    0    0
1036    2    1    1    5
1037    5    4    0    0
1038    8    7    0    0
1039    2    1    1    4
1040    5    4    0    0
1041    8    7    0    0
1042    1    0    1    4
1043    5    4    0    0
1044    8    7    1    1
1045    1    0    1    4
1046    4    3    0    0
1047    8    7    1    0
1048    1    0    0    0
1049    4    3    0    0
1050    7    6    1    0
1051    1    0    0    0
1052    4    3    1    7
1053    7    6    1    0
1054    0    0    0    0
1055    4    3    1    7
1056    7    6    1    0
1057    0    9    0    0
1058    4    3    1    6
1059    7    6    0    0
1060    0    9    0    0
1061    3    2    1    6
1062    7    6    0    0
1063    0    9    1    3
1064    3    2    1    6
1065    6    5    0    0
1066    0    9    1    2
1067    3    2    0    0
1068    6    5    0    0
1069    9    9    1    2
1070    3    2    0    0
1071    6    5    0    0
1072    9    8    1    2
1073    3    2    0    0
1074    6    5    1    9
1075    9    8    1    2
1076    2    1    0    0
1077    6    5    1    8
1078    9    8    0    0
1079    2    1    0    0
1080    5    4    1    8
1081    9    8    0    0
1082    2    1    1    5
1083    5    4    1    8
1084    8    8    0    0
1085    2    1    1    5
1086    5    4    0    0
1087    8    7    0    0
1088    2    1    1    4
1089    5    4    0    0
1090    8    7    0    0
1091    1    0    1    4
1092    5    4    0    0
1093    8    7    1    1
1094    1    0    1    4
1095    4    3    0    0
1096    8    7    1    0
1097    1    0    0    0
1098    4    3    0    0
1099    7    7    1    0
1100    1    0    0    0
1101    4    3    1    7
1102    7    6    1    0
1103    1    0    0    0
1104    4    3    1    7
1105    7    6    1    0
1106    0    9    0    0
1107    4    3    1    6
1108    7    6    0    0
1109    0    9    0    0
1110    3    2    1    6
1111    7    6    0    0
1112    0    9    1    3
1113    3    2    1    6
1114    6    5    0    0
1115    0    9    1    3
1116    3    2    0    0
1117    6    5    0    0
1118    9    9    1    2
1119    3    2    0    0
1120    6    5    0    0
1121    9    8    1    2
1122    3    2    0    0
1123    6    5    1    9
1124    9    8    1    2
1125    2    1    0    0
1126    6    5    1    8
1127    9    8    0    0
1128    2    1    0    0
1129    5    4    1    8
1130    9    8    0    0
1131    2    1    1    5
1132    5    4    1    8
1133    8    8    0    0
1134    2    1    1    5
1135    5    4    1    8
1136    8    7    0    0
1137    2    1    1    4
1138    5    4    0    0
1139    8    7    0    0
1140    1    0    1    4
1141    5    4    0    0
1142    8    7    1    1
1143    1    0    1    4
1144    4    3    0    0
1145    8    7    1    0
1146    1    0    0    0
1147    4    3    0    0
1148    7    7    1    0
1149    1    0    0    0
1150    4    3    1    7
1151    7    6    1    0
1152    1    0    0    0
1153    4    3    1    7
1154    7    6    1    0
1155    0    9    0    0
1156    4    3    1    6
1157    7    6    0    0
1158    0    9    0    0
1159    3    2    1    6
1160    7    6    0    0
1161    0    9    1    3
1162    3    2    1    6
1163    6    5    0    0
1164    0    9    1    3
1165    3    2    0    0
1166    6    5    0    0
1167    0    9    1    2
1168    3    2    0    0
1169    6    5    0    0
1170    9    8    1    2
1171    3    2    0    0
1172    6    5    1    9
1173    9    8    1    2
1174    2    1    0    0
1175    6    5    1    8
1176    9    8    0    0
1177    2    1    0    0
1178    5    4    1    8
1179    9    8    0    0
1180    2    1    1    5
1181    5    4    1    8
1182    8    8    0    0
1183    2    1    1    5
1184    5    4    1    8
1185    8    7    0    0
1186    2    1    1    4
1187    5    4    0    0
1188    8    7    0    0
1189    1    0    1    4
1190    5    4    0    0
1191    8    7    1    1
1192    1    0    1    4
1193    4    3    0    0
1194    8    7    1    0
1195    1    0    0    0
1196    4    3    0    0
1197    7    7    1    0
1198    1    0    0    0
1199    4    3    0    0
1200    7    6    1    0
1201    1    0    0    0
1202    4    3    1    7
1203    7    6    1    0
1204    0    9    0    0
1205    4    3    1    6
1206    7    6    0    0
1207    0    9    0    0
1208    3    2    1    6
1209    7    6    0    0
1210    0    9    1    3
1211    3    2    1    6
1212    6    6    0    0
1213    0    9    1    3
1214    3    2    0    0
1215    6    5    0    0
1216    0    9    1    2
1217    3    2    0    0
1218    6    5    0    0
1219    9    8    1    2
1220    3    2    0    0
1221    6    5    1    9
1222    9    8    1    2
1223    2    1    0    0
1224    6    5    1    8
1225    9    8    0    0
1226    2    1    0    0
1227    5    4    1    8
1228    9    8    0    0
1229    2    1    1    5
1230    5    4    1    8
1231    8    8    0    0
1232    2    1    1    5
1233    5    4    1    8
1234    8    7    0    0
1235    2    1    1    4
1236    5    4    0    0
1237    8    7    0    0
1238    1    0    1    4
1239    5    4    0    0
1240    8    7    1    1
1241    1    0    1    4
1242    4    3    0    0
1243    8    7    1    1
1244    1    0    0    0
1245    4    3    0    0
1246    7    7    1    0
1247    1    0    0    0
1248    4    3    0    0
1249    7    6    1    0
1250    1    0    0    0
1251    4    3    1    7
1252    7    6    1    0
1253    0    9    0    0
1254    4    3    1    6
1255    7    6    0    0
1256    0    9    0    0
1257    3    2    1    6
1258    7    6    0    0
1259    0    9    1    3
1260    3    2    1    6
1261    6    6    0    0
1262    0    9    1    3
1263    3    2    1    6
1264    6    5    0    0
1265    0    9    1    2
1266    3    2    0    0
1267    6    5    0    0
1268    9    8    1    2
1269    3    2    0    0
1270    6    5    1    9
1271    9    8    1    2
1272    2    1    0    0
1273    6    5    1    8
1274    9    8    0    0
1275    2    1    0    0
1276    5    5    1    8
1277    9    8    0    0
1278    2    1    1    5
1279    5    4    1    8
1280    9    8    0    0
1281    2    1    1    5
1282    5    4    1    8
1283    8    7    0    0
1284    2    1    1    4
1285    5    4    0    0
1286    8    7    0    0
1287    1    0    1    4
1288    5    4    0    0
1289    8    7    1    1
1290    1    0    1    4
1291    4    3    0    0
1292    8    7    1    1
1293    1    0    0    0
1294    4    3    0    0
1295    7    7    1    0
1296    1    0    0    0
1297    4    3    0    0
1298    7    6    1    0
1299    1    0    0    0
1300    4    3    1    7
1301    7    6    1    0
1302    0    9    0    0
1303    4    3    1    6
1304    7    6    0    0
1305    0    9    0    0
1306    3    2    1    6
1307    7    6    0    0
1308    0    9    1    3
1309    3    2    1    6
1310    6    6    0    0
1311    0    9    1    3
1312    3    2    1    6
1313    6    5    0    0
1314    0    9    1    2
1315    3    2    0    0
1316    6    5    0    0
1317    9    8    1    2
1318    3    2    0    0
1319    6    5    1    9
1320    9    8    1    2
1321    2    1    0    0
1322    6    5    1    8
1323    9    8    0    0
1324    2    1    0    0
1325    5    5    1    8
1326    9    8    0    0
1327    2    1    0    0
1328    5    4    1    8
1329    9    8    0    0
1330    2    1    1    5
1331    5    4    1    8
1332    8    7    0    0
1333    2    1    1    4
1334    5    4    0    0
1335    8    7    0    0
1336    1    0    1    4
1337    5    4    0    0
1338    8    7    1    1
1339    1    0    1    4
1340    4    4    0    0
1341    8    7    1    1
1342    1    0    0    0
1343    4    3    0    0
1344    8    7    1    0
1345    1    0    0    0
1346    4    3    0    0
1347    7    6    1    0
1348    1    0    0    0
1349    4    3    1    7
1350    7    6    1    0
1351    0    9    0    0
1352    4    3    1    6
1353    7    6    0    0
1354    0    9    0    0
1355    3    2    1    6
1356    7    6    0    0
1357    0    9    1    3
1358    3    2    1    6
1359    6    6    0    0
1360    0    9    1    3
1361    3    2    1    6
1362    6    5    0    0
1363    0    9    1    2
1364    3    2    0    0
1365    6    5    0    0
1366    9    8    1    2
1367    3    2    0    0
1368    6    5    1    9
1369    9    8    1    2
1370    2    1    0    0
1371    6    5    1    8
1372    9    8    0    0
1373    2    1    0    0
1374    5    5    1    8
1375    9    8    0    0
1376    2    1    0    0
1377    5    4    1    8
1378    9    8    0    0
1379    2    1    1    5
1380    5    4    1    8
1381    8    7    0    0
1382    2    1    1    4
1383    5    4    0    0
1384    8    7    0    0
1385    1    0    1    4
1386    5    4    0    0
1387    8    7    1    1
1388    1    0    1    4
1389    4    4    0    0
1390    8    7    1    1
1391    1    0    1    4
1392    4    3    0    0
1393    8    7    1    0
1394    1    0    0    0
1395    4    3    0    0
1396    7    6    1    0
1397    1    0    0    0
1398    4    3    1    7
1399    7    6    1    0
1400    0    9    0    0
1401    4    3    1    6
1402    7    6    0    0
1403    0    9    0    0
1404    3    3    1    6
1405    7    6    0    0
1406    0    9    1    3
1407    3    2    1    6
1408    7    6    0    0
1409    0    9    1    3
1410    3    2    1    6
1411    6    5    0    0
1412    0    9    1    2
1413    3    2    0    0
1414    6    5    0    0
1415    9    8    1    2
1416    3    2    0    0
1417    6    5    1    9
1418    9    8    1    2
1419    2    1    0    0
1420    6    5    1    9
1421    9    8    0    0
1422    2    1    0    0
1423    5    5    1    8
1424    9    8    0    0
1425    2    1    0    0
1426    5    4    1    8
1427    9    8    0    0
1428    2    1    1    5
1429    5    4    1    8
1430    8    7    0    0
1431    2    1    1    4
1432    5    4    0    0
1433    8    7    0    0
1434    1    0    1    4
1435    5    4    0    0
1436    8    7    1    1
1437    1    0    1    4
1438    4    4    0    0
1439    8    7    1    1
1440    1    0    1    4
1441    4    3    0    0
1442    8    7    1    0
1443    1    0    0    0
1444    4    3    0    0
1445    7    6    1    0
1446    1    0    0    0
1447    4    3    1    7
1448    7    6    1    0
1449    0    9    0    0
1450    4    3    1    6
1451    7    6    0    0
1452    0    9    0    0
1453    3    3    1    6
1454    7    6    0    0
1455    0    9    1    3
1456    3    2    1    6
1457    7    6    0    0
1458    0    9    1    3
1459    3    2    1    6
1460    6    5    0    0
1461    0    9    1    2
1462    3    2    0    0
1463    6    5    0    0
1464    9    8    1    2
1465    3    2    0    0
1466    6    5    1    9
1467    9    8    1    2
1468    2    1    0    0
1469    6    5    1    9
1470    9    8    0    0
1471    2    1    0    0
1472    6    5    1    8
1473    9    8    0    0
1474    2    1    0    0
1475    5    4    1    8
1476    9    8    0    0
1477    2    1    1    5
1478    5    4    1    8
1479    8    7    0    0
1480    2    1    1    4
1481    5    4    0    0
1482    8    7    0    0
1483    1    0    1    4
1484    5    4    0    0
1485    8    7    1    1
1486    1    0    1    4
1487    4    4    0    0
1488    8    7    1    1
1489    1    0    1    4
1490    4    3    0    0
1491    8    7    1    0
1492    1    0    0    0
1493    4    3    0    0
1494    7    6    1    0
1495    1    0    0    0
1496    4    3    1    7
1497    7    6    1    0
1498    0    9    0    0
1499    4    3    1    6
1500    7    6    0    0
1501    0    9    0    0
1502    3    3    1    6
1503    7    6    0    0
1504    0    9    0    0
1505    3    2    1    6
1506    7    6    0    0
1507    0    9    1    3
1508    3    2    1    6
1509    6    5    0    0
1510    0    9    1    2
1511    3    2    0    0
1512    6    5    0    0
1513    9    8    1    2
1514    3    2    0    0
1515    6    5    1    9
1516    9    8    1    2
1517    2    2    0    0
1518    6    5    1    9
1519    9    8    0    0
1520    2    1    0    0
1521    6    5    1    8
1522    9    8    0    0
1523    2    1    0    0
1524    5    4    1    8
1525    9    8    0    0
1526    2    1    1    5
1527    5    4    1    8
1528    8    7    0    0
1529    2    1    1    4
1530    5    4    0    0
1531    8    7    0    0
1532    1    0    1    4
1533    5    4    0    0
1534    8    7    1    1
1535    1    0    1    4
1536    5    4    0    0
1537    8    7    1    1
1538    1    0    1    4
1539    4    3    0    0
1540    8    7    1    0
1541    1    0    0    0
1542    4    3    0    0
1543    7    6    1    0
1544    1    0    0    0
1545    4    3    1    7
1546    7    6    1    0
1547    0    9    0    0
1548    4    3    1    7
1549    7    6    0    0
1550    0    9    0    0
1551    3    3    1    6
1552    7    6    0    0
1553    0    9    0    0
1554    3    2    1    6
1555    7    6    0    0
1556    0    9    1    3
1557    3    2    1    6
1558    6    5    0    0
1559    0    9    1    2
1560    3    2    0    0
1561    6    5    0    0
1562    9    8    1    2
1563    3    2    0    0
1564    6    5    1    9
1565    9    8    1    2
1566    2    2    0    0
1567    6    5    1    9
1568    9    8    1    2
1569    2    1    0    0
1570    6    5    1    8
1571    9    8    0    0
1572    2    1    0    0
1573    5    4    1    8
1574    9    8    0    0
1575    2    1    1    5
1576    5    4    1    8
1577    8    7    0    0
1578    2    1    1    4
1579    5    4    0    0
1580    8    7    0    0
1581    1    1    1    4
1582    5    4    0    0
1583    8    7    1    1
1584    1    0    1    4
1585    5    4    0    0
1586    8    7    1    1
1587    1    0    1    4
1588    4    3    0    0
1589    8    7    1    0
1590    1    0    0    0
1591    4    3    0    0
1592    7    6    1    0
1593    1    0    0    0
1594    4    3    1    7
1595    7    6    1    0
1596    0    9    0    0
1597    4    3    1    7
1598    7    6    0    0
1599    0    9    0    0
1600    3    3    1    6
1601    7    6    0    0
1602    0    9    0    0
1603    3    2    1    6
1604    7    6    0    0
1605    0    9    1    3
1606    3    2    1    6
1607    6    5    0    0
1608    0    9    1    2
1609    3    2    0    0
1610    6    5    0    0
1611    9    8    1    2
1612    3    2    0    0
1613    6    5    1    9
1614    9    8    1    2
1615    2    2    0    0
1616    6    5    1    9
1617    9    8    1    2
1618    2    1    0    0
1619    6    5    1    8
1620    9    8    0    0
1621    2    1    0    0
1622    5    4    1    8
1623    9    8    0    0
1624    2    1    1    5
1625    5    4    1    8
1626    8    7    0    0
1627    2    1    1    4
1628    5    4    0    0
1629    8    7    0    0
1630    1    1    1    4
1631    5    4    0    0
1632    8    7    0    0
1633    1    0    1    4
1634    5    4    0    0
1635    8    7    1    1
1636    1    0    1    4
1637    4    3    0    0
1638    8    7    1    0
1639    1    0    0    0
1640    4    3    0    0
1641    7    6    1    0
1642    1    0    0    0
1643    4    3    1    7
1644    7    6    1    0
1645    0    0    0    0
1646    4    3    1    7
1647    7    6    0    0
1648    0    9    0    0
1649    4    3    1    6
1650    7    6    0    0
1651    0    9    0    0
1652    3    2    1    6
1653    7    6    0    0
1654    0    9    1    3
1655    3    2    1    6
1656    6    5    0    0
1657    0    9    1    2
1658    3    2    0    0
1659    6    5    0    0
1660    9    8    1    2
1661    3    2    0    0
1662    6    5    1    9
1663    9    8    1    2
1664    2    2    0    0
1665    6    5    1    9
1666    9    8    1    2
1667    2    1    0    0
1668    6    5    1    8
1669    9    8    0    0
1670    2    1    0    0
1671    5    4    1    8
1672    9    8    0    0
1673    2    1    1    5
1674    5    4    1    8
1675    8    7    0    0
1676    2    1    1    4
1677    5    4    0    0
1678    8    7    0    0
1679    1    1    1    4
1680    5    4    0    0
1681    8    7    0    0
1682    1    0    1    4
1683    5    4    0    0
1684    8    7    1    1
1685    1    0    1    4
1686    4    3    0    0
1687    8    7    1    0
1688    1    0    0    0
1689    4    3    0    0
1690    7    6    1    0
1691    1    0    0    0
1692    4    3    1    7
1693    7    6    1    0
1694    0    0    0    0
1695    4    3    1    7
1696    7    6    1    0
1697    0    9    0    0
1698    4    3    1    6
1699    7    6    0    0
1700    0    9    0    0
1701    3    2    1    6
1702    7    6    0    0
1703    0    9    1    3
1704    3    2    1    6
1705    6    5    0    0
1706    0    9    1    2
1707    3    2    0    0
1708    6    5    0    0
1709    9    9    1    2
1710    3    2    0    0
1711    6    5    1    9
1712    9    8    1    2
1713    3    2    0    0
1714    6    5    1    9
1715    9    8    1    2
1716    2    1    0    0
1717    6    5    1    8
1718    9    8    0    0
1719    2    1    0    0
1720    5    4    1    8
1721    9    8    0    0
1722    2    1    1    5
1723    5    4    1    8
1724    8    7    0    0
1725    2    1    1    5
1726    5    4    0    0
1727    8    7    0    0
1728    1    1    1    4
1729    5    4    0    0
1730    8    7    0    0
1731    1    0    1    4
1732    5    4    0    0
1733    8    7    1    1
1734    1    0    1    4
1735    4    3    0    0
1736    8    7    1    0
1737    1    0    0    0
1738    4    3    0    0
1739    7    6    1    0
1740    1    0    0    0
1741    4    3    1    7
1742    7    6    1    0
1743    0    0    0    0
1744    4    3    1    7
1745    7    6    1    0
1746    0    9    0    0
1747    4    3    1    6
1748    7    6    0    0
1749    0    9    0    0
1750    3    2    1    6
1751    7    6    0    0
1752    0    9    1    3
1753    3    2    1    6
1754    6    5    0    0
1755    0    9    1    2
1756    3    2    0    0
1757    6    5    0    0
1758    9    9    1    2
1759    3    2    0    0
1760    6    5    1    9
1761    9    8    1    2
1762    3    2    0    0
1763    6    5    1    9
1764    9    8    1    2
1765    2    1    0    0
1766    6    5    1    8
1767    9    8    0    0
1768    2    1    0    0
1769    5    4    1    8
1770    9    8    0    0
1771    2    1    1    5
1772    5    4    1    8
1773    8    8    0    0
1774    2    1    1    5
1775    5    4    0    0
1776    8    7    0    0
1777    2    1    1    4
1778    5    4    0    0
1779    8    7    0    0
1780    1    0    1    4
1781    5    4    0    0
1782    8    7    1    1
1783    1    0    1    4
1784    4    3    0    0
1785    8    7    1    0
1786    1    0    0    0
1787    4    3    0    0
1788    7    6    1    0
1789    1    0    0    0
1790    4    3    1    7
1791    7    6    1    0
1792    0    0    0    0
1793    4    3    1    7
1794    7    6    1    0
1795    0    9    0    0
1796    4    3    1    6
1797    7    6    0    0
1798    0    9    0    0
1799    3    2    1    6
1800    7    6    0    0
1801    0    9    1    3
1802    3    2    1    6
1803    6    5    0    0
1804    0    9    1    2
1805    3    2    0    0
1806    6    5    0    0
1807    9    9    1    2
1808    3    2    0    0
1809    6    5    0    0
1810    9    8    1    2
1811    3    2    0    0
1812    6    5    1    9
1813    9    8    1    2
1814    2    1    0    0
1815    6    5    1    8
1816    9    8    0    0
1817    2    1    0    0
1818    5    4    1    8
1819    9    8    0    0
1820    2    1    1    5
1821    5    4    1    8
1822    8    8    0    0
1823    2    1    1    5
1824    5    4    0    0
1825    8    7    0    0
1826    2    1    1    4
1827    5    4    0    0
1828    8    7    0    0
1829    1    0    1    4
1830    5    4    0    0
1831    8    7    1    1
1832    1    0    1    4
1833    4    3    0    0
1834    8    7    1    0
1835    1    0    0    0
1836    4    3    0    0
1837    7    6    1    0
1838    1    0    0    0
1839    4    3    1    7
1840    7    6    1    0
1841    1    0    0    0
1842    4    3    1    7
1843    7    6    1    0
1844    0    9    0    0
1845    4    3    1    6
1846    7    6    0    0
1847    0    9    0    0
1848    3    2    1    6
1849    7    6    0    0
1850    0    9    1    3
1851    3    2    1    6
1852    6    5    0    0
1853    0    9    1    3
1854    3    2    0    0
1855    6    5    0    0
1856    9    9    1    2
1857    3    2    0    0
1858    6    5    0    0
1859    9    8    1    2
1860    3    2    0    0
1861    6    5    1    9
1862    9    8    1    2
1863    2    1    0    0
1864    6    5    1    8
1865    9    8    0    0
1866    2    1    0    0
1867    5    4    1    8
1868    9    8    0    0
1869    2    1    1    5
1870    5    4    1    8
1871    8    8    0    0
1872    2    1    1    5
1873    5    4    1    8
1874    8    7    0    0
1875    2    1    1    4
1876    5    4    0    0
1877    8    7    0    0
1878    1    0    1    4
1879    5    4    0    0
1880    8    7    1    1
1881    1    0    1    4
1882    4    3    0    0
1883    8    7    1    0
1884    1    0    0    0
1885    4    3    0    0
1886    7    7    1    0
1887    1    0    0    0
1888    4    3    1    7
1889    7    6    1    0
1890    1    0    0    0
1891    4    3    1    7
1892    7    6    1    0
1893    0    9    0    0
1894    4    3    1    6
1895    7    6    0    0
1896    0    9    0    0
1897    3    2    1    6
1898    7    6    0    0
1899    0    9    1    3
1900    3    2    1    6
1901    6    5    0    0
1902    0    9    1    3
1903    3    2    0    0
1904    6    5    0    0
1905    9    9    1    2
1906    3    2    0    0
1907    6    5    0    0
1908    9    8    1    2
1909    3    2    0    0
1910    6    5    1    9
1911    9    8    1    2
1912    2    1    0    0
1913    6    5    1    8
1914    9    8    0    0
1915    2    1    0    0
1916    5    4    1    8
1917    9    8    0    0
1918    2    1    1    5
1919    5    4    1    8
1920    8    8    0    0
1921    2    1    1    5
1922    5    4    1    8
1923    8    7    0    0
1924    2    1    1    4
1925    5    4    0    0
1926    8    7    0    0
1927    1    0    1    4
1928    5    4    0    0
1929    8    7    1    1
1930    1    0    1    4
1931    4    3    0    0
1932    8    7    1    0
1933    1    0    0    0
1934    4    3    0    0
1935    7    7    1    0
1936    1    0    0    0
1937    4    3    0    0
1938    7    6    1    0
1939    1    0    0    0
1940    4    3    1    7
1941    7    6    1    0
1942    0    9    0    0
1943    4    3    1    6
1944    7    6    0    0
1945    0    9    0    0
1946    3    2    1    6
1947    7    6    0    0
1948    0    9    1    3
1949    3    2    1    6
1950    6    6    0    0
1951    0    9    1    3
1952    3    2    0    0
1953    6    5    0    0
1954    0    9    1    2
1955    3    2    0    0
1956    6    5    0    0
1957    9    8    1    2
1958    3    2    0    0
1959    6    5    1    9
1960    9    8    1    2
1961    2    1    0    0
1962    6    5    1    8
1963    9    8    0    0
1964    2    1    0    0
1965    5    4    1    8
1966    9    8    0    0
1967    2    1    1    5
1968    5    4    1    8
1969    8    8    0    0
1970    2    1    1    5
1971    5    4    1    8
1972    8    7    0    0
1973    2    1    1    4
1974    5    4    0    0
1975    8    7    0    0
1976    1    0    1    4
1977    5    4    0    0
1978    8    7    1    1
1979    1    0    1    4
1980    4    3    0    0
1981    8    7    1    0
1982    1    0    0    0
1983    4    3    0    0
1984    7    7    1    0
1985    1    0    0    0
1986    4    3    0    0
1987    7    6    1    0
1988    1    0    0    0
1989    4    3    1    7
1990    7    6    1    0
1991    0    9    0    0
1992    4    3    1    6
1993    7    6    0    0
1994    0    9    0    0
1995    3    2    1    6
1996    7    6    0    0
1997    0    9    1    3
1998    3    2    1    6
1999    6    6    0    0
2000    0    9    1    3
2001    3    2    1    6
2002    6    5    0    0
2003    0    9    1    2
2004    3    2    0    0
2005    6    5    0    0
2006    9    8    1    2
2007    3    2    0    0
2008    6    5    1    9
2009    9    8    1    2
2010    2    1    0    0
2011    6    5    1    8
2012    9    8    0    0
2013    2    1    0    0
2014    5    5    1    8
2015    9    8    0    0
2016    2    1    1    5
2017    5    4    1    8
2018    9    8    0    0
2019    2    1    1    5
2020    5    4    1    8
2021    8    7    0    0
2022    2    1    1    4
2023    5    4    0    0
2024    8    7    0    0
2025    1    0    1    4
2026    5    4    0    0
2027    8    7    1    1
2028    1    0    1    4
2029    4    3    0    0
2030    8    7    1    1
2031    1    0    0    0
2032    4    3    0    0
2033    7    7    1    0
2034    1    0    0    0
2035    4    3    0    0
2036    7    6    1    0
2037    1    0    0    0
2038    4    3    1    7
2039    7    6    1    0
2040    0    9    0    0
2041    4    3    1    6
2042    7    6    0    0
2043    0    9    0    0
2044    3    2    1    6
2045    7    6    0    0
2046    0    9    1    3
2047    3    2    1    6
2048    6    6    0    0
2049    0    9    1    3
2050    3    2    1    6
2051    6    5    0    0
2052    0    9    1    2
2053    3    2    0    0
2054    6    5    0    0
2055    9    8    1    2
2056    3    2    0    0
2057    6    5    1    9
2058    9    8    1    2
2059    2    1    0    0
2060    6    5    1    8
2061    9    8    0    0
2062    2    1    0    0
2063    5    5    1    8
2064    9    8    0    0
2065    2    1    0    0
2066    5    4    1    8
2067    9    8    0    0
2068    2    1    1    5
2069    5    4    1    8
2070    8    7    0    0
2071    2    1    1    4
2072    5    4    0    0
2073    8    7    0    0
2074    1    0    1    4
2075    5    4    0    0
2076    8    7    1    1
2077    1    0    1    4
2078    4    4    0    0
2079    8    7    1    1
2080    1    0    0    0
2081    4    3    0    0
2082    8    7    1    0
2083    1    0    0    0
2084    4    3    0    0
2085    7    6    1    0
2086    1    0    0    0
2087    4    3    1    7
2088    7    6    1    0
2089    0    9    0    0
2090    4    3    1    6
2091    7    6    0    0
2092    0    9    0    0
2093    3    2    1    6
2094    7    6    0    0
2095    0    9    1    3
2096    3    2    1    6
2097    6    6    0    0
2098    0    9    1    3
2099    3    2    1    6
2100    6    5    0    0
2101    0    9    1    2
2102    3    2    0    0
2103    6    5    0    0
2104    9    8    1    2
2105    3    2    0    0
2106    6    5    1    9
2107    9    8    1    2
2108    2    1    0    0
2109    6    5    1    8
2110    9    8    0    0
2111    2    1    0    0
2112    5    5    1    8
2113    9    8    0    0
2114    2    1    0    0
2115    5    4    1    8
2116    9    8    0    0
2117    2    1    1    5
2118    5    4    1    8
2119    8    7    0    0
2120    2    1    1    4
2121    5    4    0    0
2122    8    7    0    0
2123    1    0    1    4
2124    5    4    0    0
2125    8    7    1    1
2126    1    0    1    4
2127    4    4    0    0
2128    8    7    1    1
2129    1    0    0    0
2130    4    3    0    0
2131    8    7    1    0
2132    1    0    0    0
2133    4    3    0    0
2134    7    6    1    0
2135    1    0    0    0
2136    4    3    1    7
2137    7    6    1    0
2138    0    9    0    0
2139    4    3    1    6
2140    7    6    0    0
2141    0    9    0    0
2142    3    2    1    6
2143    7    6    0    0
2144    0    9    1    3
2145    3    2    1    6
2146    7    6    0    0
2147    0    9    1    3
2148    3    2    1    6
2149    6    5    0    0
2150    0    9    1    2
2151    3    2    0    0
2152    6    5    0    0
2153    9    8    1    2
2154    3    2    0    0
2155    6    5    1    9
2156    9    8    1    2
2157    2    1    0    0
2158    6    5    1    9
2159    9    8    0    0
2160    2    1    0    0
2161    5    5    1    8
2162    9    8    0    0
2163    2    1    0    0
2164    5    4    1    8
2165    9    8    0    0
2166    2    1    1    5
2167    5    4    1    8
2168    8    7    0    0
2169    2    1    1    4
2170    5    4    0    0
2171    8    7    0    0
2172    1    0    1    4
2173    5    4    0    0
2174    8    7    1    1
2175    1    0    1    4
2176    4    4    0    0
2177    8    7    1    1
2178    1    0    1    4
2179    4    3    0    0
2180    8    7    1    0
2181    1    0    0    0
2182    4    3    0    0
2183    7    6    1    0
2184    1    0    0    0
2185    4    3    1    7
2186    7    6    1    0
2187    0    9    0    0
2188    4    3    1    6
2189    7    6    0    0
2190    0    9    0    0
2191    3    3    1    6
2192    7    6    0    0
2193    0    9    1    3
2194    3    2    1    6
2195    7    6    0    0
2196    0    9    1    3
2197    3    2    1    6
2198    6    5    0    0
2199    0    9    1    2
2200    3    2    0    0
2201    6    5    0    0
2202    9    8    1    2
2203    3    2    0    0
2204    6    5    1    9
2205    9    8    1    2
2206    2    1    0    0
2207    6    5    1    9
2208    9    8    0    0
2209    2    1    0    0
2210    6    5    1    8
2211    9    8    0    0
2212    2    1    0    0
2213    5    4    1    8
2214    9    8    0    0
2215    2    1    1    5
2216    5    4    1    8
2217    8    7    0    0
2218    2    1    1    4
2219    5    4    0    0
2220    8    7    0    0
2221    1    0    1    4
2222    5    4    0    0
2223    8    7    1    1
2224    1    0    1    4
2225    4    4    0    0
2226    8    7    1    1
2227    1    0    1    4
2228    4    3    0    0
2229    8    7    1    0
2230    1    0    0    0
2231    4    3    0    0
2232    7    6    1    0
2233    1    0    0    0
2234    4    3    1    7
2235    7    6    1    0
2236    0    9    0    0
2237    4    3    1    6
2238    7    6    0    0
2239    0    9    0    0
2240    3    3    1    6
2241    7    6    0    0
2242    0    9    0    0
2243    3    2    1    6
2244    7    6    0    0
2245    0    9    1    3
2246    3    2    1    6
2247    6    5    0    0
2248    0    9    1    2
2249    3    2    0    0
2250    6    5    0    0
2251    9    8    1    2
2252    3    2    0    0
2253    6    5    1    9
2254    9    8    1    2
2255    2    2    0    0
2256    6    5    1    9
2257    9    8    0    0
2258    2    1    0    0
2259    6    5    1    8
2260    9    8    0    0
2261    2    1    0    0
2262    5    4    1    8
2263    9    8    0    0
2264    2    1    1    5
2265    5    4    1    8
2266    8    7    0    0
2267    2    1    1    4
2268    5    4    0    0
2269    8    7    0    0
2270    1    0    1    4
2271    5    4    0    0
2272    8    7    1    1
2273    1    0    1    4
2274    4    4    0    0
2275    8    7    1    1
2276    1    0    1    4
2277    4    3    0    0
2278    8    7    1    0
2279    1    0    0    0
2280    4    3    0    0
2281    7    6    1    0
2282    1    0    0    0
2283    4    3    1    7
2284    7    6    1    0
2285    0    9    0    0
2286    4    3    1    6
2287    7    6    0    0
2288    0    9    0    0
2289    3    3    1    6
2290    7    6    0    0
2291    0    9    0    0
2292    3    2    1    6
2293    7    6    0    0
2294    0    9    1    3
2295    3    2    1    6
2296    6    5    0    0
2297    0    9    1    2
2298    3    2    0    0
2299    6    5    0    0
2300    9    8    1    2
2301    3    2    0    0
2302    6    5    1    9
2303    9    8    1    2
2304    2    2    0    0
2305    6    5    1    9
2306    9    8    1    2
2307    2    1    0    0
2308    6    5    1    8
2309    9    8    0    0
2310    2    1    0    0
2311    5    4    1    8
2312    9    8    0    0
2313    2    1    1    5
2314    5    4    1    8
2315    8    7    0    0
2316    2    1    1    4
2317    5    4    0    0
2318    8    7    0    0
2319    1    1    1    4
2320    5    4    0    0
2321    8    7    1    1
2322    1    0    1    4
2323    5    4    0    0
2324    8    7    1    1
2325    1    0    1    4
2326    4    3    0    0
2327    8    7    1    0
2328    1    0    0    0
2329    4    3    0    0
2330    7    6    1    0
2331    1    0    0    0
2332    4    3    1    7
2333    7    6    1    0
2334    0    9    0    0
2335    4    3    1    7
2336    7    6    0    0
2337    0    9    0    0
2338    3    3    1    6
2339    7    6    0    0
2340    0    9    0    0
2341    3    2    1    6
2342    7    6    0    0
2343    0    9    1    3
2344    3    2    1    6
2345    6    5    0    0
2346    0    9    1    2
2347    3    2    0    0
2348    6    5    0    0
2349    9    8    1    2
2350    3    2    0    0
2351    6    5    1    9
2352    9    8    1    2
2353    2    2    0    0
2354    6    5    1    9
2355    9    8    1    2
2356    2    1    0    0
2357    6    5    1    8
2358    9    8    0    0
2359    2    1    0    0
2360    5    4    1    8
2361    9    8    0    0
2362    2    1    1    5
2363    5    4    1    8
2364    8    7    0    0
2365    2    1    1    4
2366    5    4    0    0
2367    8    7    0    0
2368    1    1    1    4
2369    5    4    0    0
2370    8    7    0    0
2371    1    0    1    4
2372    5    4    0    0
2373    8    7    1    1
2374    1    0    1    4
2375    4    3    0    0
2376    8    7    1    0
2377    1    0    0    0
2378    4    3    0    0
2379    7    6    1    0
2380    1    0    0    0
2381    4    3    1    7
2382    7    6    1    0
2383    0    0    0    0
2384    4    3    1    7
2385    7    6    0    0
2386    0    9    0    0
2387    4    3    1    6
2388    7    6    0    0
2389    0    9    0    0
2390    3    2    1    6
2391    7    6    0    0
2392    0    9    1    3
2393    3    2    1    6
2394    6    5    0    0
2395    0    9    1    2
2396    3    2    0    0
2397    6    5    0    0
2398    9    8    1    2
2399    3    2    0    0
2400    6    5    1    9
2401    9    8    1    2
2402    2    2    0    0
2403    6    5    1    9
2404    9    8    1    2
2405    2    1    0    0
2406    6    5    1    8
2407    9    8    0    0
2408    2    1    0    0
2409    5    4    1    8
2410    9    8    0    0
2411    2    1    1    5
2412    5    4    1    8
2413    8    7    0    0
2414    2    1    1    4
2415    5    4    0    0
2416    8    7    0    0
2417    1    1    1    4
2418    5    4    0    0
2419    8    7    0    0
2420    1    0    1    4
2421    5    4    0    0
2422    8    7    1    1
2423    1    0    1    4
2424    4    3    0    0
2425    8    7    1    0
2426    1    0    0    0
2427    4    3    0    0
2428    7    6    1    0
2429    1    0    0    0
2430    4    3    1    7
2431    7    6    1    0
2432    0    0    0    0
2433    4    3    1    7
2434    7    6    0    0
2435    0    9    0    0
2436    4    3    1    6
2437    7    6    0    0
2438    0    9    0    0
2439    3    2    1    6
2440    7    6    0    0
2441    0    9    1    3
2442    3    2    1    6
2443    6    5    0    0
2444    0    9    1    2
2445    3    2    0    0
2446    6    5    0    0
2447    9    9    1    2
2448    3    2    0    0
2449    6    5    1    9
2450    9    8    1    2
2451    3    2    0    0
2452    6    5    1    9
2453    9    8    1    2
2454    2    1    0    0
2455    6    5    1    8
2456    9    8    0    0
2457    2    1    0    0
2458    5    4    1    8
2459    9    8    0    0
2460    2    1    1    5
2461    5    4    1    8
2462    8    7    0    0
2463    2    1    1    5
2464    5    4    0    0
2465    8    7    0    0
2466    1    1    1    4
2467    5    4    0    0
2468    8    7    0    0
2469    1    0    1    4
2470    5    4    0    0
2471    8    7    1    1
2472    1    0    1    4
2473    4    3    0    0
2474    8    7    1    0
2475    1    0    0    0
2476    4    3    0    0
2477    7    6    1    0
2478    1    0    0    0
2479    4    3    1    7
2480    7    6    1    0
2481    0    0    0    0
2482    4    3    1    7
2483    7    6    1    0
2484    0    9    0    0
2485    4    3    1    6
2486    7    6    0    0
2487    0    9    0    0
2488    3    2    1    6
2489    7    6    0    0
2490    0    9    1    3
2491    3    2    1    6
2492    6    5    0    0
2493    0    9    1    2
2494    3    2    0    0
2495    6    5    0    0
2496    9    9    1    2
2497    3    2    0    0
2498    6    5    1    9
2499    9    8    1    2
2500    3    2    0    0
2501    6    5    1    9
2502    9    8    1    2
2503    2    1    0    0
2504    6    5    1    8
2505    9    8    0    0
2506    2    1    0    0
2507    5    4    1    8
2508    9    8    0    0
2509    2    1    1    5
2510    5    4    1    8
2511    8    7    0    0
2512    2    1    1    5
2513    5    4    0    0
2514    8    7    0    0
2515    2    1    1    4
2516    5    4    0    0
2517    8    7    0    0
2518    1    0    1    4
2519    5    4    0    0
2520    8    7    1    1
2521    1    0    1    4
2522    4    3    0    0
2523    8    7    1    0
2524    1    0    0    0
2525    4    3    0    0
2526    7    6    1    0
2527    1    0    0    0
2528    4    3    1    7
2529    7    6    1    0
2530    0    0    0    0
2531    4    3    1    7
2532    7    6    1    0
2533    0    9    0    0
2534    4    3    1    6
2535    7    6    0    0
2536    0    9    0    0
2537    3    2    1    6
2538    7    6    0    0
2539    0    9    1    3
2540    3    2    1    6
2541    6    5    0    0
2542    0    9    1    2
2543    3    2    0    0
2544    6    5    0    0
2545    9    9    1    2
2546    3    2    0    0
2547    6    5    0    0
2548    9    8    1    2
2549    3    2    0    0
2550    6    5    1    9
2551    9    8    1    2
2552    2    1    0    0
2553    6    5    1    8
2554    9    8    0    0
2555    2    1    0    0
2556    5    4    1    8
2557    9    8    0    0
2558    2    1    1    5
2559    5    4    1    8
2560    8    8    0    0
2561    2    1    1    5
2562    5    4    0    0
2563    8    7    0    0
2564    2    1    1    4
2565    5    4    0    0
2566    8    7    0    0
2567    1    0    1    4
2568    5    4    0    0
2569    8    7    1    1
2570    1    0    1    4
2571    4    3    0    0
2572    8    7    1    0
2573    1    0    0    0
2574    4    3    0    0
2575    7    6    1    0
2576    1    0    0    0
2577    4    3    1    7
2578    7    6    1    0
2579    0    0    0    0
2580    4    3    1    7
2581    7    6    1    0
2582    0    9    0    0
2583    4    3    1    6
2584    7    6    0    0
2585    0    9    0    0
2586    3    2    1    6
2587    7    6    0    0
2588    0    9    1    3
2589    3    2    1    6
2590    6    5    0    0
2591    0    9    1    3
2592    3    2    0    0
2593    6    5    0    0
2594    9    9    1    2
2595    3    2    0    0
2596    6    5    0    0
2597    9    8    1    2
2598    3    2    0    0
2599    6    5    1    9
2600    9    8    1    2
2601    2    1    0    0
2602    6    5    1    8
2603    9    8    0    0
2604    2    1    0    0
2605    5    4    1    8
2606    9    8    0    0
2607    2    1    1    5
2608    5    4    1    8
2609    8    8    0    0
2610    2    1    1    5
2611    5    4    1    8
2612    8    7    0    0
2613    2    1    1    4
2614    5    4    0    0
2615    8    7    0    0
2616    1    0    1    4
2617    5    4    0    0
2618    8    7    1    1
2619    1    0    1    4
2620    4    3    0    0
2621    8    7    1    0
2622    1    0    0    0
2623    4    3    0    0
2624    7    7    1    0
2625    1    0    0    0
2626    4    3    1    7
2627    7    6    1    0
2628    1    0    0    0
2629    4    3    1    7
2630    7    6    1    0
2631    0    9    0    0
2632    4    3    1    6
2633    7    6    0    0
2634    0    9    0    0
2635    3    2    1    6
2636    7    6    0    0
2637    0    9    1    3
2638    3    2    1    6
2639    6    5    0    0
2640    0    9    1    3
2641    3    2    0    0
2642    6    5    0    0
2643    9    9    1    2
2644    3    2    0    0
2645    6    5    0    0
2646    9    8    1    2
2647    3    2    0    0
2648    6    5    1    9
2649    9    8    1    2
2650    2    1    0    0
2651    6    5    1    8
2652    9    8    0    0
2653    2    1    0    0
2654    5    4    1    8
2655    9    8    0    0
2656    2    1    1    5
2657    5    4    1    8
2658    8    8    0    0
2659    2    1    1    5
2660    5    4    1    8
2661    8    7    0    0
2662    2    1    1    4
2663    5    4    0    0
2664    8    7    0    0
2665    1    0    1    4
2666    5    4    0    0
2667    8    7    1    1
2668    1    0    1    4
2669    4    3    0    0
2670    8    7    1    0
2671    1    0    0    0
2672    4    3    0    0
2673    7    7    1    0
2674    1    0    0    0
2675    4    3    0    0
2676    7    6    1    0
2677    1    0    0    0
2678    4    3    1    7
2679    7    6    1    0
2680    0    9    0    0
2681    4    3    1    6
2682    7    6    0    0
2683    0    9    0    0
2684    3    2    1    6
2685    7    6    0    0
2686    0    9    1    3
2687    3    2    1    6
2688    6    6    0    0
2689    0    9    1    3
2690    3    2    0    0
2691    6    5    0    0
2692    0    9    1    2
2693    3    2    0    0
2694    6    5    0    0
2695    9    8    1    2
2696    3    2    0    0
2697    6    5    1    9
2698    9    8    1    2
2699    2    1    0    0
2700    6    5    1    8
2701    9    8    0    0
2702    2    1    0    0
2703    5    4    1    8
2704    9    8    0    0
2705    2    1    1    5
2706    5    4    1    8
2707    8    8    0    0
2708    2    1    1    5
2709    5    4    1    8
2710    8    7    0    0
2711    2    1    1    4
2712    5    4    0    0
2713    8    7    0    0
2714    1    0    1    4
2715    5    4    0    0
2716    8    7    1    1
2717    1    0    1    4
2718    4    3    0    0
2719    8    7    1    0
2720    1    0    0    0
2721    4    3    0    0
2722    7    7    1    0
2723    1    0    0    0
2724    4    3    0    0
2725    7    6    1    0
2726    1    0    0    0
2727    4    3    1    7
2728    7    6    1    0
2729    0    9    0    0
2730    4    3    1    6
2731    7    6    0    0
2732    0    9    0    0
2733    3    2    1    6
2734    7    6    0    0
2735    0    9    1    3
2736    3    2    1    6
2737    6    6    0    0
2738    0    9    1    3
2739    3    2    1    6
2740    6    5    0    0
2741    0    9    1    2
2742    3    2    0    0
2743    6    5    0    0
2744    9    8    1    2
2745    3    2    0    0
2746    6    5    1    9
2747    9    8    1    2
2748    2    1    0    0
2749    6    5    1    8
2750    9    8    0    0
2751    2    1    0    0
2752    5    5    1    8
2753    9    8    0    0
2754    2    1    1    5
2755    5    4    1    8
2756    9    8    0    0
2757    2    1    1    5
2758    5    4    1    8
2759    8    7    0    0
2760    2    1    1    4
2761    5    4    0    0
2762    8    7    0    0
2763    1    0    1    4
2764    5    4    0    0
2765    8    7    1    1
2766    1    0    1    4
2767    4    3    0    0
2768    8    7    1    1
2769    1    0    0    0
2770    4    3    0    0
2771    7    7    1    0
2772    1    0    0    0
2773    4    3    0    0
2774    7    6    1    0
2775    1    0    0    0
2776    4    3    1    7
2777    7    6    1    0
2778    0    9    0    0
2779    4    3    1    6
2780    7    6    0    0
2781    0    9    0    0
2782    3    2    1    6
2783    7    6    0    0
2784    0    9    1    3
2785    3    2    1    6
2786    6    6    0    0
2787    0    9    1    3
2788    3    2    1    6
2789    6    5    0    0
2790    0    9    1    2
2791    3    2    0    0
2792    6    5    0    0
2793    9    8    1    2
2794    3    2    0    0
2795    6    5    1    9
2796    9    8    1    2
2797    2    1    0    0
2798    6    5    1    8
2799    9    8    0    0
2800    2    1    0    0
2801    5    5    1    8
2802    9    8    0    0
2803    2    1    1    5
2804    5    4    1    8
2805    9    8    0    0
2806    2    1    1    5
2807    5    4    1    8
2808    8    7    0    0
2809    2    1    1    4
2810    5    4    0    0
2811    8    7    0    0
2812    1    0    1    4
2813    5    4    0    0
2814    8    7    1    1
2815    1    0    1    4
2816    4    4    0    0
2817    8    7    1    1
2818    1    0    0    0
2819    4    3    0    0
2820    8    7    1    0
2821    1    0    0    0
2822    4    3    0    0
2823    7    6    1    0
2824    1    0    0    0
2825    4    3    1    7
2826    7    6    1    0
2827    0    9    0    0
2828    4    3    1    6
2829    7    6    0    0
2830    0    9    0    0
2831    3    2    1    6
2832    7    6    0    0
2833    0    9    1    3
2834    3    2    1    6
2835    6    6    0    0
2836    0    9    1    3
2837    3    2    1    6
2838    6    5    0    0
2839    0    9    1    2
2840    3    2    0    0
2841    6    5    0    0
2842    9    8    1    2
2843    3    2    0    0
2844    6    5    1    9
2845    9    8    1    2
2846    2    1    0    0
2847    6    5    1    8
2848    9    8    0    0
2849    2    1    0    0
2850    5    5    1    8
2851    9    8    0    0
2852    2    1    0    0
2853    5    4    1    8
2854    9    8    0    0
2855    2    1    1    5
2856    5    4    1    8
2857    8    7    0    0
2858    2    1    1    4
2859    5    4    0    0
2860    8    7    0    0
2861    1    0    1    4
2862    5    4    0    0
2863    8    7    1    1
2864    1    0    1    4
2865    4    4    0    0
2866    8    7    1    1
2867    1    0    0    0
2868    4    3    0    0
2869    8    7    1    0
2870    1    0    0    0
2871    4    3    0    0
2872    7    6    1    0
2873    1    0    0    0
2874    4    3    1    7
2875    7    6    1    0
2876    0    9    0    0
2877    4    3    1    6
2878    7    6    0    0
2879    0    9    0    0
2880    3    2    1    6
2881    7    6    0    0
2882    0    9    1    3
2883    3    2    1    6
2884    7    6    0    0
2885    0    9    1    3
2886    3    2    1    6
2887    6    5    0    0
2888    0    9    1    2
2889    3    2    0    0
2890    6    5    0    0
2891    9    8    1    2
2892    3    2    0    0
2893    6    5    1    9
2894    9    8    1    2
2895    2    1    0    0
2896    6    5    1    9
2897    9    8    0    0
2898    2    1    0    0
2899    5    5    1    8
2900    9    8    0    0
2901    2    1    0    0
2902    5    4    1    8
2903    9    8    0    0
2904    2    1    1    5
2905    5    4    1    8
2906    8    7    0    0
2907    2    1    1    4
2908    5    4    0    0
2909    8    7    0    0
2910    1    0    1    4
2911    5    4    0    0
2912    8    7    1    1
2913    1    0    1    4
2914    4    4    0    0
2915    8    7    1    1
2916    1    0    1    4
2917    4    3    0    0
2918    8    7    1    0
2919    1    0    0    0
2920    4    3    0    0
2921    7    6    1    0
2922    1    0    0    0
2923    4    3    1    7
2924    7    6    1    0
2925    0    9    0    0
2926    4    3    1    6
2927    7    6    0    0
2928    0    9    0    0
2929    3    3    1    6
2930    7    6    0    0
2931    0    9    1    3
2932    3    2    1    6
2933    7    6    0    0
2934    0    9    1    3
2935    3    2    1    6
2936    6    5    0    0
2937    0    9    1    2
2938    3    2    0    0
2939    6    5    0    0
2940    9    8    1    2
2941    3    2    0    0
2942    6    5    1    9
2943    9    8    1    2
2944    2    1    0    0
2945    6    5    1    9
2946    9    8    0    0
2947    2    1    0    0
2948    5    5    1    8
2949    9    8    0    0
2950    2    1    0    0
2951    5    4    1    8
2952    9    8    0    0
2953    2    1    1    5
2954    5    4    1    8
2955    8    7    0    0
2956    2    1    1    4
2957    5    4    0    0
2958    8    7    0    0
2959    1    0    1    4
2960    5    4    0    0
2961    8    7    1    1
2962    1    0    1    4
2963    4    4    0    0
2964    8    7    1    1
2965    1    0    1    4
2966    4    3    0    0
2967    8    7    1    0
2968    1    0    0    0
2969    4    3    0    0
2970    7    6    1    0
2971    1    0    0    0
2972    4    3    1    7
2973    7    6    1    0
2974    0    9    0    0
2975    4    3    1    6
2976    7    6    0    0
2977    0    9    0    0
2978    3    3    1    6
2979    7    6    0    0
2980    0    9    0    0
2981    3    2    1    6
2982    7    6    0    0
2983    0    9    1    3
2984    3    2    1    6
2985    6    5    0    0
2986    0    9    1    2
2987    3    2    0    0
2988    6    5    0    0
2989    9    8    1    2
2990    3    2    0    0
2991    6    5    1    9
2992    9    8    1    2
2993    2    2    0    0
2994    6    5    1    9
2995    9    8    0    0
2996    2    1    0    0
2997    6    5    1    8
2998    9    8    0    0
2999    2    1    0    0
3000    5    4    1    8
