1    5    4    1    5
2    8    7    0    0
3    1    0    0    0
4    5    4    1    4
5    8    7    0    0
6    1    0    0    0
7    4    3    1    4
8    8    7    0    0
9    1    0    1    1
10    4    3    1    4
11    8    6    0    0
12    1    0    1    1
13    4    3    0    0
14    7    6    0    0
15    1    9    1    0
16    4    3    0    0
17    7    6    1    7
18    0    9    1    0
19    4    2    0    0
20    7    6    1    7
21    0    9    1    0
22    3    2    0    0
23    7    6    1    6
24    0    9    0    0
25    3    2    0    0
26    7    5    1    6
27    0    9    0    0
28    3    2    1    3
29    6    5    1    6
30    0    8    0    0
31    3    2    1    3
32    6    5    0    0
33    9    8    0    0
34    3    1    1    2
35    6    5    0    0
36    9    8    0    0
37    2    1    1    2
38    6    5    0    0
39    9    8    1    9
40    2    1    1    2
41    6    4    0    0
42    9    8    1    9
43    2    1    0    0
44    5    4    0    0
45    9    7    1    8
46    2    1    0    0
47    5    4    1    5
48    8    7    1    8
49    2    0    0    0
50    5    4    1    5
51    8    7    0    0
52    1    0    0    0
53    5    4    1    4
54    8    7    0    0
55    1    0    0    0
56    4    3    1    4
57    8    7    0    0
58    1    0    1    1
59    4    3    1    4
60    8    6    0    0
61    1    0    1    1
62    4    3    0    0
63    7    6    0    0
64    1    9    1    0
65    4    3    0    0
66    7    6    1    7
67    0    9    1    0
68    4    2    0    0
69    7    6    1    7
70    0    9    1    0
71    3    2    0    0
72    7    6    1    7
73    0    9    0    0
74    3    2    0    0
75    7    5    1    6
76    0    9    0    0
77    3    2    1    3
78    6    5    1    6
79    0    8    0    0
80    3    2    1    3
81    6    5    0    0
82    9    8    0    0
83    3    1    1    2
84    6    5    0    0
85    9    8    0    0
86    2    1    1    2
87    6    5    0    0
88    9    8    1    9
89    2    1    1    2
90    6    4    0    0
91    9    8    1    9
92    2    1    0    0
93    5    4    0    0
94    9    7    1    8
95    2    1    0    0
96    5    4    1    5
97    8    7    1    8
98    2    0    0    0
99    5    4    1    5
100    8    7    1    8
